(*)  time series used in "Spectral Analysis for Physical Applications"
     by D. B. Percival and A. T. Walden, Cambridge University Press, 1993
(*)  The source for each of these time series is listed in this contribution.
     Permission has been obtained to redistribute all of these time series.

----------------------------------------------------------------
C
C     TIME SERIES USED IN
C        SPECTRAL ANALYSIS FOR PHYSICAL APPLICATIONS:
C        MULTITAPER AND CONVENTIONAL UNIVARIATE TECHNIQUES
C     BY D. B. PERCIVAL AND A. T. WALDEN, CAMBRIDGE UNIVERSITY PRESS, 1993.
C-------------------------------------------------------------------------------
C
C     WIND SPEED TIME SERIES (UPPER PLOT OF FIGURE 2)
C     SOURCE: PMEL/NOAA SEATTLE (BERNIE WALTER)
C     DELTA T: 0.025 SECOND
C     SAMPLE SIZE: 128
C
0.7898
-0.9175
-0.6825
-0.3173
0.371
-0.2878
-0.4464
-1.0951
-1.395
-1.3892
-1.4482
-1.6145
-1.3539
-1.6242
-1.4258
-0.9932
-1.1034
-1.6702
-1.6746
-1.8313
-1.9606
-1.9396
-1.6058
-1.199
-1.0478
-1.3786
-1.9594
-2.6224
-2.9337
-3.123
-4.0614
-2.9373
-3.0561
-3.6675
-3.9096
-4.178
-3.3967
-2.5638
-0.0889
1.2745
1.0128
-0.1025
-0.8129
-1.168
-0.7563
-0.5623
-0.1407
0.461
-0.7563
-1.1394
-1.1973
-1.9023
-1.3125
-1.4914
-1.6251
-2.4339
-1.3729
-1.7646
-1.5593
-2.491
-2.2489
-1.9605
-1.6965
-1.9976
-2.7283
-2.7593
-2.6756
-2.818
-2.8365
-3.0483
-3.2333
-3.043
-3.2654
-1.517
-2.0896
-2.9702
-2.8692
-2.6684
-2.975
-3.2591
-3.3632
-3.4698
-3.4875
-3.5385
-4.0474
-4.9411
-5.2291
-4.3084
-4.4399
-3.0246
-2.3584
-2.7288
-2.3396
-0.16
0.7827
0.145
-0.5242
0.36
0.4108
0.0199
-1.5882
0.322
0.8046
-0.2308
0.5184
0.4665
0.0535
-0.5757
-0.3831
-0.0535
0.6943
0.4344
0.1252
0.2878
0.1906
-0.4409
0.1494
0.1638
1.1583
0.5196
0.4122
1.6271
2.7127
1.434
0.4113
0.7055
0.5449
0.3867
C
C     WILLAMETTE RIVER TIME SERIES (TOP PLOT OF FIGURE 505)
C     SOURCE: U. S. GEOLOGICAL SURVEY
C     DELTA T: 1 MONTH
C     SAMPLE SIZE: 395
C
C     NOTE: FIRST 128 VALUES ALSO PLOTTED IN LOWER PLOT OF FIGURE 2
C
8.95361
9.49409
10.1943
10.9566
11.0777
10.9817
10.4897
10.2754
10.1662
9.23484
8.56537
8.51064
10.1211
11.1849
10.9352
11.1803
10.9572
10.5683
10.1404
9.99542
9.14185
8.61151
8.38892
8.38799
9.97498
10.268
11.051
10.5171
10.9691
10.4305
10.4104
10.0797
9.58923
9.40861
8.58714
8.53241
8.40138
8.29538
9.69605
11.4099
11.2158
10.417
10.0469
10.3744
10.1345
9.14213
8.69693
9.0466
9.87368
11.4195
10.782
11.2071
10.2734
10.2904
9.49902
9.64484
9.20419
8.79096
9.01315
9.22128
9.58608
9.80404
10.5156
10.024
9.96579
10.7536
10.2445
10.0957
9.38059
8.83684
8.87995
9.70587
10.4744
11.503
11.5894
10.6264
10.6584
10.5401
10.2864
10.0068
9.29737
8.78104
8.83459
8.91153
10.1838
10.641
10.0331
9.88032
11.2777
10.4286
9.78695
9.45786
8.81086
8.65054
8.80213
9.1636
9.39508
10.46
11.1003
11.1673
10.4914
10.0914
10.0245
9.52539
9.02301
8.73272
8.82439
9.07249
10.437
10.3871
10.8521
10.913
9.93564
10.2633
10.0245
9.45103
8.81036
8.61567
8.89151
9.70648
9.59803
9.7055
9.63761
10.6818
10.6586
10.7008
10.4167
10.1996
8.88604
8.6455
8.79051
9.01514
10.007
10.9098
10.2848
11.1658
11.1648
10.3303
10.0887
9.54927
8.84145
8.68172
8.78352
9.01477
9.56618
10.8817
10.7
9.95657
9.98688
10.7029
10.2483
9.71987
8.95066
8.7634
8.78263
9.68751
9.87777
10.8209
9.56413
10.4624
9.88511
10.7228
10.6574
9.38429
9.05626
8.7505
8.753
9.15518
10.3805
10.2445
10.8118
10.8408
10.2186
9.93273
9.76269
9.99321
9.28532
8.86512
8.82709
9.16321
9.30811
11.0251
11.7443
11.22
9.68413
9.43131
9.62201
9.16605
8.67197
8.6422
8.70123
9.23354
9.51295
9.61525
11.2013
9.96707
10.4793
10.1727
9.55935
9.08441
8.5973
8.58352
8.84072
9.09978
10.1174
10.8026
10.3599
10.8238
9.86989
9.72548
9.59583
9.30527
8.83127
8.60183
8.80634
9.15617
10.0035
10.1266
10.4927
10.4235
10.4886
9.65358
9.11574
9.3545
8.75826
8.79066
9.26137
9.74722
10.7272
11.101
11.1263
10.4894
9.93148
9.91216
9.94062
9.80192
9.66781
8.91826
9.3194
9.44833
9.72328
10.0364
10.9488
11.3657
9.97863
9.46072
9.94878
9.24589
8.8927
8.83407
9.09087
9.21523
9.88821
10.8848
10.8903
11.0465
10.5911
10.6297
10.1305
9.92123
9.49897
9.03218
9.42769
9.56236
10.0218
11.2228
10.714
11.1722
11.2966
10.5697
10.13
10.0642
9.02958
8.95316
9.27128
9.35669
9.62552
9.69233
10.8822
9.89604
9.59268
9.56941
9.2226
8.78973
8.74666
8.70755
8.91549
9.29437
10.6784
11.3277
11.3213
10.995
10.9183
10.7554
9.97161
10.0842
9.41925
8.90048
9.05455
9.51439
9.50853
10.228
11.0821
10.6595
10.4136
10.3892
10.0589
9.75097
9.22638
8.88871
9.2838
9.48822
10.3356
10.9635
11.1282
10.2808
10.2653
10.2091
10.3746
9.46273
9.13572
8.90775
9.22453
9.36962
9.47592
9.06025
8.8114
8.54531
9.60221
9.3758
9.42163
9.51944
8.73708
8.7092
8.96477
9.45995
9.85825
11.3312
11.108
10.4693
9.51782
9.27974
9.7181
9.23711
8.81247
8.71841
9.28461
9.50457
9.33256
10.4049
9.96525
10.3933
10.578
10.0307
10.2466
9.30782
8.82286
8.75935
8.98145
9.18741
9.86568
10.5189
10.7585
10.3574
10.0056
9.96115
9.62088
9.31194
8.95841
8.72567
8.98905
9.27822
9.6282
10.6132
10.7569
9.64776
10.1544
9.90799
9.53015
9.91901
9.32266
8.84974
9.05606
9.59628
9.75846
11.1339
11.1351
10.8419
11.0652
10.1313
9.94447
9.54658
9.17291
8.89762
9.06933
C
C     ATOMIC CLOCK TIME SERIES (UPPER PLOT OF FIGURE 3)
C     SOURCE: U. S. NAVAL OBSERVATORY (DON PERCIVAL)
C     DELTA T: 1 DAY
C     SAMPLE SIZE: 128
C
3.3046875
-10.0
9.796875
0.3046875
-3.90625
2.3046875
-0.703125
-5.5
11.703125
-12.703125
-2.4921875
2.4921875
3.5
-1.296875
-2.1015625
0.6953125
-1.2890625
0.4921875
3.703125
-5.0078125
1.7109375
5.890625
-2.09375
-7.203125
3.40625
-1.40625
1.203125
-8.3046875
5.0078125
6.2890625
-5.1875
6.9921875
-7.703125
5.2109375
-10.90625
5.796875
-3.1953125
-5.0
5.09375
7.5078125
2.09375
-6.8984375
9.6015625
-6.296875
4.0
-12.90625
9.6015625
-8.296875
-0.8046875
-4.1953125
12.796875
-1.6953125
8.1953125
0.5
-11.296875
0.0
-0.703125
2.203125
-2.5
1.796875
-4.1015625
2.90625
-3.40625
7.8046875
-8.0
-1.6015625
1.796875
-3.59375
2.3984375
-1.3046875
4.703125
-1.796875
-0.40625
-1.296875
-3.296875
7.59375
-4.3984375
-3.3984375
7.203125
0.1953125
1.0
-0.9921875
4.390625
-3.3984375
3.6015625
-2.3984375
-10.3046875
7.203125
3.40625
-2.40625
0.796875
2.0
-1.296875
-3.09375
8.6875
3.0078125
-2.3984375
-7.0078125
0.5078125
0.6953125
4.6015625
-10.1953125
7.7890625
2.3125
-1.7109375
-4.890625
-3.109375
-4.1953125
8.3984375
-2.9921875
3.6875
-1.6875
0.6875
1.109375
7.59375
-7.6953125
4.6015625
-2.5078125
0.90625
-0.6015625
5.0
-3.6015625
0.40625
-3.90625
7.0
-2.296875
1.3984375
2.296875
C
C     OCEAN NOISE TIME SERIES (LOWER PLOT OF FIGURE 3)
C     SOURCE: APPLIED PHYSICS LABORATORY
C     DELTA T: 1 SECOND
C     SAMPLE SIZE: 128
C
0.36201143
2.4737856
-1.018699
1.236099
-0.38258758
3.590585
-0.9524991
-1.6762866
1.3824866
-0.34308758
-0.1589
0.1412
2.6574097
2.2194982
-2.7033095
2.0669982
-1.3256867
-2.020322
-0.0753
0.4515114
2.4969096
-0.26581144
-1.026599
0.31911144
0.5307876
1.2934105
-2.6631095
-3.0335972
-2.5025096
0.74761146
-0.26221144
-2.178198
-2.940797
-1.5878867
-4.16842
1.5515105
-1.136499
-1.879798
0.46968758
1.6587105
2.198098
-2.3408096
0.133
-1.4207866
-0.8249991
5.1213956
-0.64661145
-1.9440981
-0.5948876
1.041699
1.6077867
-2.4599857
-2.989097
0.2540876
5.5098066
2.9239972
0.7211114
-2.033898
-2.2643094
3.2546084
2.7131858
-0.896799
-0.8838991
2.9770973
-0.67578757
-0.43901145
1.5423105
0.836399
0.0143
0.4059876
1.055099
-0.5244876
-3.155997
0.83619905
0.2799876
0.0655
-2.3649857
-1.0694991
-1.3471105
1.3075105
0.6634876
-2.0554981
2.4471095
-2.187498
0.6463876
1.2897105
2.4921856
-4.5647836
-1.5162104
1.3197105
2.2606857
-2.0319982
-1.4144866
2.0942981
-1.5411105
1.4940104
-1.2181991
-0.1618
0.828699
-0.79309905
2.6937857
-0.3346876
-1.5918106
-0.17650001
1.068099
0.1367
-4.7230077
-2.5424857
-1.2936105
-4.000296
0.47421142
0.5830876
-2.6602857
-0.46411142
-0.3632876
4.088496
-0.6841115
-2.8142972
-0.88159907
2.801497
2.081398
-3.6499846
1.860398
-3.6201086
-0.6762114
2.5205097
-1.3579867
-1.4434105
C
C     SIMULATED AR(2) TIME SERIES (UPPER PLOT OF FIGURE 45)
C     SOURCE: APPLIED PHYSICS LABORATORY (DON PERCIVAL)
C     DELTA T: 1
C     SAMPLE SIZE: 1024
C
1.619873110842541
0.534789884022027
2.406035511795079E-2
1.478309887828766
2.030472765256606
0.4515070970325612
-2.73472735753227
-3.612048240624754
-2.78652466528281
-4.193822128544591E-2
1.360234990994352
1.857193917417626
0.2788697579012061
-0.4369681421732656
-1.320565555296952
-2.661499917986857
-1.278847197119499
1.159852704364194
0.7025151108080911
-1.063443662235525
1.233573481335104E-2
1.041606963623494
-0.8099872976585
-1.903819923352157E-2
-0.9386130987181593
-1.677880748801666
-0.6286887291780934
-0.8199027012953706
-3.247112171045249
-0.9587601607527791
0.2794454914228617
-2.023830275961684
-2.448716977104272
-1.402499891323451
-1.786986740828381E-2
-0.5298492152503711
0.2963927386755302
-0.3857111535176929
-1.273714282692178
-2.085257895361489
-1.225921142615269
1.575457601552287
1.772320913251334
-0.4482351691055799
-9.750698540876224E-2
0.704482293337358
0.4267475780305113
-0.1140969903878908
-0.6574570428690574
-0.266192924539336
0.2420945447355674
0.1785855543698245
0.1382250226190582
-0.2869265024472342
-0.6352124268370166
-0.8668563980121256
0.209983607747273
5.461018379567417E-2
0.8769727163855561
-0.1983540790035169
-0.8513067680577924
-1.521600000321731
-0.8112078711485883
0.8862822553812422
-9.874667363348699E-2
-1.253569852633249
-0.1060106410501344
1.241426766854539
0.3237573605074424
1.650637657024784E-2
-2.925401564304543
-1.28395868601561
-6.708270757883272E-3
0.8634890163610762
0.723830575557788
0.1264481062473909
0.1621656308275107
-1.289061770528324
-0.6384970423533644
-1.84652607740336
0.8186403872009065
2.549907869662324
0.3617118103718351
-0.440961286876149
0.5264965181278145
1.928595597069125
0.2119228823820012
-0.3787325269834753
1.165691807690872
1.40915986791284
-0.9766013533209991
-1.397516671437289
-2.603871277586736
-0.7675690819154537
-0.726169032541045
-0.7910206965904089
0.4511366320166668
1.397733552589928
2.902696300171276
2.112926650931563
-0.1357272948901305
-1.121625680535971
-0.6815728415437181
0.1734759202490763
1.008361164840192
1.162786105897276
8.676443169106884E-2
0.2211262654221309
0.9509362007398243
1.634436100622921
-0.1542993049932384
-1.96207531980889
-2.190889340864523
-0.3435877116218713
0.4582567692863191
-0.3057687656328529
0.10336306352411
-0.6524457871157127
-0.6028139096032099
-0.6960879916138716
1.127618648065472
2.518605156839933
0.4810922724485244
-2.115556734913187
0.1219983847680473
0.9256790665453634
2.091450761935
0.6144007547780586
-1.040575184767213
-1.19520645002623
-0.4777774981360166
-0.6041096969955511
0.8222039225001221
0.4450478212112736
-0.4089561814197366
-1.572198536992747
-0.6363885059485794
-1.316358813977606
-0.5383411561498794
-0.4788572923005511
-1.467063760324509
-0.911712965616335
-0.8896040803340768
0.4750579420588897
0.1965977881010902
-0.2190331431934051
7.382699048007124E-2
-0.8299046626190427
-0.351884056181643
0.2499829802228443
-0.2066247108627332
0.5793663226632536
0.7996595578414265
-2.994127292389148E-2
-1.364233044620258
-2.898455466359068
-1.300835077782625
0.3869543698821479
0.909979761367503
1.031351126153231
-0.539067895267612
-2.262002638745044
-1.055280288665178
-0.2644617858411951
0.4929467302778341
-1.356085685796911
-0.7846184089264951
-0.138322887583274
-1.556796532213245
-0.6007062998248681
-2.00688995408957
-1.60001901133967
-0.6789114890566967
0.7712349909203444
1.48861080368684
-7.177417060158375E-2
0.8288070460945549
-0.4528897349867748
-1.471601013382584
-1.115338918395191
1.703560738542774E-2
0.9146112197178797
-0.4735425292140164
-1.267926508330155
0.456242182930535
1.356140204179799
0.4683942674153199
0.8196539860943437
5.623937713178384E-2
-0.4803266475309805
-0.9697128483881814
0.2230616832793522
2.029645991193297
2.092804118217577
0.8041421882738582
-1.547453663468319
-0.8818151818912449
-0.8354770886139147
7.46628552079226E-3
1.000532655043352
-6.633687370745922E-2
9.148406220570571E-2
0.7776261154601181
1.204918850808765
-0.1386377566931325
-0.183151688160509
-1.093319773189423
-1.299569068791428
0.1540262456706355
0.6977597321173811
0.4681768908367628
-0.6194070026691312
-4.072317731500186E-3
-1.292947724194931
0.2577000939859153
-0.8209486898043802
1.725210813984898
-0.1084084788834767
-0.9575620620716293
-0.5078199243209987
-1.170640242796323E-2
-0.9813432245817153
-1.011977447394258
-0.6794917273495706
-1.174077761087701
-0.2577728360520677
0.5879474720007873
0.6085115166435789
0.3285025214269235
0.1590811653977699
-0.4287653663001575
-3.254051665857932
-2.664529835048994
0.2827035896091772
0.8343521688787262
-2.358081693535818E-2
-1.332903432686345
-1.606592033815831
-5.496512757723337E-2
0.4637643125008491
1.546387334762834
1.300900499452966
-0.1470516008490459
-1.066530163733516
-1.808062872943228
-1.014470694553622
1.393888841838972
-0.6366040499792749
0.567251850575127
0.3586338437349251
8.308924618435645E-2
1.462589783976042
1.821464537191799
2.09779172740496
0.6892679934082668
7.273375091073286E-2
-0.8805454012227083
-1.389879118667606
-0.2611805177185444
0.9780127435254934
2.889582227088127
2.914761062105296
0.1603895593443273
-0.4770792833333908
0.1372793507242677
-1.220628927825091
-2.306067559785708
-0.2450249342709033
-0.2109635148700676
-0.5853167333481318
0.238327575827279
0.5762872620009812
6.133646914677188E-2
-0.3242301886800835
1.273214631790339
1.870564962724201
2.136769633658708
0.510442932575097
-1.487589348804156
-1.454536267904702
-1.032746177127535
0.3501501145539146
-0.2601801257403908
2.207751322812612E-2
0.3832415413669237
0.5620898514026778
-0.3162783448321926
-1.381330545576378
-3.982538404849334E-2
1.679546030110665
2.237496155071696
6.946516154456273E-2
-1.346255657743194
0.2268232152897127
0.1329855413860018
1.283366789811528
-1.105473381247397
-2.268754772339298
-1.387751552517741
0.4090228042131135
-0.6892802437941665
-2.278342528129751
-0.7969440192117464
0.8161104600040647
0.7336517088355461
-0.3967552012512218
-0.7325911671181733
-0.7839130920234095
-0.225685449973935
0.3966922751740737
-0.5821867853278162
-1.441884595228469
1.008444008817182
1.901610960748884
0.7915714978223102
-6.075043092036569E-2
-0.449459501610894
0.460398237457241
2.83729123297666
1.917400455573035
1.073118585739881
-0.3396289521713473
-2.370060345879263
-2.775385777207473
1.07764085384288
2.301743543478022
1.44733448472976
1.054173051028118
0.8601493703571136
0.2173555860626617
-0.2848909640989449
-0.4947674396171318
0.264355897274232
1.030236840812215
0.2856842813989548
0.5866324038353337
-1.930074143670131
-2.286005271728571
-1.474206840994155
-0.6710015225985324
-0.5768760248800752
2.856043396687086E-2
0.9998643666751239
1.168775804187351
9.237582338563782E-2
-0.8102984483552538
-1.21104668283486
-0.6692097915058909
0.1377347009865121
-0.2725113726043127
0.4604341013607627
-1.626764460771389
-2.454570793870009
-1.983830708042902
1.559865294485312
1.010802145062697
-0.2766263437329603
5.397595140085765E-2
0.75509403054587
1.406653134291945
2.10473118660144
3.436710310931658
2.872932791894146
0.4502086637385866
-2.716151960793149
-4.562985247996106
-0.6583371752362233
0.9789633169114821
1.667888760674668
3.193558395306597
2.386874677285932
0.213614592921847
-2.522126318005495
-2.46465431339033
4.761863578142889E-2
1.348071177975517
0.6770873331265044
0.3329877354330416
-2.112171191312779
-2.042227328013445
-1.447930307555677
0.1618797840101872
1.233530891341181
0.3868335859651659
2.330745492859414
1.430358522923178
0.6172866858200182
-2.208250747644613
-2.11702506542764
-0.822417017622936
3.761838804129286E-2
0.627859341932312
-0.4949889947543583
0.9010539642781386
-1.675651649863407
-3.236863475910824
-2.200972696942476
0.1337059035373957
0.3379632656879381
-1.627485282346685
-2.943461008695758
-0.6357564565605474
0.4609572931190603
0.9510246744245603
3.133816205707987
2.729081391025698
0.9364493301351895
1.008174104737996
-0.7006873535199882
-0.7279912357308467
-0.8175396953612419
-1.470231267929576
-1.850337739435513
-2.275689424429102
0.9113162823600337
3.759081242955056
3.135992493157921
-1.336905790553131
-2.946495129541463
-0.8181458426179486
0.8107501305052285
2.441713771078746
3.102917265033662
1.48423367341172
0.5915454796817112
0.5450063565119363
0.551933202330126
-0.1125907981440943
0.1941699277713995
-0.1382511515194582
0.2678684169250736
1.584931606368461
0.5887474500255507
-0.4458349057276513
1.903185117311412
1.708312456737629
1.17034724010503
-1.121155556165313
-1.295234222074343
-2.370492826014981
-1.680658301497487
0.9769420411391689
-0.3012760174163085
-1.591368036183211
-1.363450840108925
-0.1471911394546446
0.6387265904240752
-0.9114379966546263
0.3699645275694736
1.770599856379225
0.6062171760227382
-0.1073241842577724
0.1966020096723131
-1.057042743527255
-0.3943583321838674
0.7304076757249109
1.380043474098962
9.361181851285005E-2
-1.08179982891362
-0.9829292725022436
-0.6940106480205651
-0.2165624112547076
0.2955876902498283
-1.449582142204245
-1.489693001712957
-1.30834778927158
-0.9648305654808805
-1.641004358083841
-1.056512697795705
0.5174143974896224
2.728910725315302
2.624829827987244
-1.329691671878553
-2.576957055631894
-0.9001317040709065
1.042375153217507
1.84602526133211
1.173266841047992
1.441300263461675
0.1910175068481916
-0.7029967043552071
-1.068619012187199
-2.378536656834832
-1.049652917632719
0.3699022444888029
0.1784543380034224
-0.3754559793935025
-0.9071623570851564
0.714076294445553
0.4803594251416666
1.839818634108015
-0.3282756169697081
-2.131755363058138
0.1486432247563942
1.156225534589708
0.6574272093692889
-0.2509684586657221
2.165204087794747
1.09562903275405
1.747764014526771
0.6269478108866985
0.5580210860706921
-0.4325112996440123
0.1996804365100062
1.350542009758557
1.112856677967976
0.2888513529846491
-1.805112552100441
1.021471167847541
1.964065169418257
1.26536092573384
1.54134393963073
-0.291979140128364
0.214061205496766
-0.4897403912764835
0.022370443636056
0.9083231744805212
-1.347079705116372E-2
-0.8874059724730041
-2.896156965171377
-0.2763298077833485
1.901399979576076
0.3934555052536575
0.1316292864280585
1.152366384620036
1.567758536231167
0.1895143167579247
-1.587341908918291
-1.869350557894735
-0.9619514360546894
2.973385550346375E-3
2.235463717593163
1.587377778407623
-1.457658204432861
-1.253549045313517
-1.329013555816616
3.113627177380943
3.36824948642078
1.89880109971588
0.4772165341277534
-1.162437853563906
-0.4075009155542185
2.223425216346719E-3
1.834889944603896
0.1555698499095646
0.4390127864000444
0.6080078735655259
0.8768646046173371
-0.3376233554197383
-1.966235551891321
-2.004859479843983
-1.649187591300385
7.884192022879966E-2
1.593877755415961
2.062428829389289
0.5697992355802298
-0.7890867720792838
-1.532735154451375
-0.829583929895916
-1.333974363538115
-1.072178076721398
-2.616790238133685
-0.730300797597714
-0.3991204077412323
0.1163092115996449
0.0780006818381869
-2.502670458046532
-1.272457486862455
0.4360376589507871
3.157268167166726
1.290915896277288
-0.7021807164999752
-1.000056492013257
-2.231539728368304
-1.296102182165875
1.14443842164891
0.1724407795023777
0.3076607517723905
-0.4687271165967063
0.2048915580325489
-0.0436853953001704
-0.2397506367995287
-2.849369084553502E-2
-0.6391659071792407
-0.100775375788705
0.7872024126261247
1.061585978143838
-0.4865782947330238
-2.750242561511201
-1.329009440243611
0.4583784906643598
3.015599027137773
2.611812200427528
-0.6939250035852635
-1.450731168719994
0.8428048940490737
2.153674774541802
1.989553052958872
0.3233610064665494
-0.3194960095466652
-0.7461228040104162
-0.6258039532959729
1.260184874694997
2.777086813674822
1.834081720289361
0.6080695186614038
-0.970502005800733
-1.142243477601533
0.1681587430106043
2.251585303857384E-2
-0.3664359871928974
0.8230046573317197
1.6186542526579
0.7454510007508305
-0.834048975066398
-0.4490147583562882
-0.5658312595427277
0.6591531526619387
-1.324945634908374
-3.741089799364805E-2
0.4548513759231343
0.8486414885001784
0.4595249362421017
0.3675790530256952
-1.328130041030396
-2.762642019582819
-0.1284155620616838
1.721724427040315
1.328467804469793
1.152773868677926
0.7607190666676309
-0.4182537177354077
0.3132727296030735
1.219040444246515
-0.7195363754485957
-0.3433666332023578
1.940394357221104
-0.5363068138097011
-1.917181018112321
-0.6593635552958873
1.347969666774218
2.217719405537729
2.244671355785032
-0.7107474053137861
-2.437719608711905
-2.751165642687701
0.1510623396775947
1.098825642613299
1.897932297923647
2.387174138509029
0.9051973770346294
-0.2071081823485667
-0.9328609351948886
0.5020948008715297
-0.4460728016538396
-0.8614002196808098
-0.7017102714070722
-0.278512127186973
0.648298402636507
1.844087847498236
1.666780230614574
0.4435303603886276
-1.063054643882906
-1.305858276630656
-0.8906874041265724
1.426864107635037
1.463916887604427
-0.5061355440235497
-0.3110409487993953
1.68831226356526
1.652696391510879
2.297950411517241
0.4793412668021784
-1.448769466984144
-1.337526703959366
-0.4363800961452131
-0.8415143415572341
-2.182429161580782
-0.7565744776505477
-0.1735589245184118
1.703043477802029
-0.3532183351121894
-0.1262435000723924
0.2040773595726789
-1.950608780503244
-1.235828309688755
0.311141707332332
-0.416676654230796
0.2750179816800764
0.7744968260390945
-0.9378088133600856
0.2492045572293531
0.819495238199433
-0.327152527997593
-2.253831118067972
-1.231816895207268
0.7072597973913655
-0.3000816862750233
-1.230835883164942
-0.568645573687524
0.1973753988820776
3.220922259759859
3.092546889049889
0.5306767977942248
-1.003931061495709
-0.6045506058840746
1.375785940897696
1.751165359714773
-1.408835593413253
-1.682350646391878
-1.756263627515134
1.79044861996664
1.873821284317465
-0.4330192873032933
-0.3615109890496983
-1.658465138504903
0.434458051060064
1.155888839561799
1.75839453002998
1.890098389075344
1.120990085405359
-0.7882382933422296
-0.1215145218664238
0.3972689762228969
0.1779770000204974
-0.4662509362365238
-0.3822798829893703
1.160916768256987
0.2099404480414575
-1.82216610852262
-0.4298443301611574
0.7121150947475184
6.194080309995909E-2
-1.194566085783055
-2.02902877386484
-1.804447112066953
0.1617193582032473
0.4384346785227163
2.461113968789391
0.9557214168805244
-0.5112708995018064
-1.763212361408303
-0.8979212612153722
0.4041894534707805
0.9408479453751539
1.907728201818042
2.213139813200393
-0.4494082030380521
-1.978415188224727
-2.26239825846312
-1.170552890538143
1.056960062623164
0.14291039262636
-0.8265001983969795
-1.19717959816248
-0.3631970519497404
-0.8987972688330734
-1.606743867182399
-2.933351636967934
0.567401331507507
2.048302101697557
3.383164269660521E-2
0.2564518554749124
1.145797656939502
1.704383128380719
-0.1886527108812823
0.2247153765858738
4.159825741626794E-2
9.897348185294134E-2
0.3213436682846587
1.291956260519442
0.8707636700161827
1.48803516599555
2.728354482361458
0.4925689373815273
-1.124764340347545
0.3700966881604923
-0.9037401559800419
-1.112163166976478
1.027878121490749
2.618477577303414
1.081291313859138
-0.7740513202890856
-1.001830663504619
-1.450909085789561
-3.708386137077135E-2
1.690018524731817
2.069136045774695
9.976993177976412E-2
-1.847596601643274
-1.645316784170743
2.363484187125542
1.159381316495282
-0.1679724615571355
1.297751781733791E-2
0.4251355371370964
2.059855290831889
0.6695983478159968
-1.200345725910666
-1.102736242676017
0.3890463137842111
2.882055702844687
2.394712194286416
-1.231147705759664
-2.210945720051794
0.4216202780806797
2.877296841375371
3.107405109786879
1.793075154855399
-0.7096858411613245
-1.98496530126355
-1.08302935277581
0.1042635833095795
-1.283021699187459
-1.509061041190387
-0.6025225830617029
0.1436575656048102
0.3049192000876114
0.516684590890529
1.148189596154723
1.700620214614273
-0.639500861958827
-2.774659129012411
0.2258144104056563
2.317518818001354
-0.5824995331999789
-0.8558100306414087
0.7011451024061962
0.7911254909695004
8.546461363773653E-2
0.2960259786565521
-0.1856186541918577
1.305324048128883
2.175746998252084
0.3840084384371181
1.185412927732475
0.6145231971605131
-7.027464534713049E-3
0.3911435363506081
8.598038420456428E-2
-1.233881788711774
0.2034267432770269
8.368702332064548E-2
1.283082471845835E-2
-0.9543495196583351
-0.9812374923707204
-3.747572636906116E-2
0.3728753923668827
0.1287288372300447
3.011008641379287E-2
-0.24171732338066
1.134859961803572
0.1876750889851733
-2.18567749377873
-0.4085253804847728
5.436999379124774E-2
1.257109787744599
-0.1650061170276196
-0.7137610103649268
-9.931352344665895E-2
0.1527648559402509
1.397000974927553
1.88777916486801
-0.2102599084143214
-1.819411772199625
-3.184505037463067
-1.878412393024361
1.494743497417437
1.269097748124192
0.630083153301811
0.1806028372612279
-0.842428360685276
-1.100248720361933
-0.7593265706237322
0.4960255379467776
-0.8430963480610992
-1.305661096999322
-0.8125538420080818
0.7461854337025703
-0.2807744828875686
-2.102338026562526
-1.707345454020291
0.9062385440381344
1.67597132037639
0.8887772041444213
-0.8382189627065486
-2.100367210785781
-1.02016062150774
-1.37432710836853
-0.6055981178404907
-0.2378563245545544
-1.094584393981642
1.325620959310092E-2
2.609578317799576
-0.3155863900557379
-0.3013766513395515
0.7124842613142586
0.7636881477926228
-1.439453297327971
-2.638209215115866
-1.634007946287164
0.675317021639022
1.822319121990625
1.860568895196333
1.596828621773647
-1.851649555722566
-2.601059341317193
-2.222875303345743
-2.148861431760188
0.1264936651247941
0.5304663513819976
-0.1561840528913787
-1.772301346532323
-1.218663626188036
-0.3861854597952228
1.123831153252629
0.9897254807481439
0.1519651667603075
-0.2340401340522019
0.4050254066147522
0.8044909567955322
0.5336929662394634
-1.290670829738416
-1.898423686786439
-0.7720123538586132
1.850029978549663
1.12540567959243
0.3306271451746599
-0.4200562694955077
-0.5858582021788211
0.7301502170929371
-0.4947555196335767
-1.512950964651649
-1.264287308313992
1.07708652459641
1.080161068962741
2.605866327735836
1.547041987239129
-8.729038238039538E-2
-1.755447631049807
-0.5846491534728769
1.301337675505229
1.54466017050534
0.6398639816723899
-0.8313670013001615
-0.9521022455036304
-0.533227395313883
2.625244860808576
2.102881826900699
-0.5501480397147447
-1.761251898865828
-2.392824931057787
0.1809430471960589
1.13843772301933
0.900329170751185
1.48919502336999
1.902425340475701
0.5361065965624614
-0.9740715488757786
-2.864320587543028
-2.232453841976518
-1.396297350307584
-0.1696052387401617
-0.1141216872333662
1.993765382403757
1.818411888127386
-0.1275540972745995
-1.007859981858325
-0.2018340033481215
0.2928872372931831
-2.872256888164371E-2
0.2179799294537836
-1.114906508832607
0.896791735820765
0.7478069171486186
-0.5177246360169707
-2.061276670403848
-1.13031871516591
1.450467713384731
1.080619256638555
0.1571884464215381
0.1252514985931947
-9.261528789744826E-2
-0.7614238987331367
-0.9670210034974195
-1.035193852313116
-1.136385945675192
-1.244565972014438
-1.208407325885529
-0.3094545115806535
0.2628209935042542
1.9706440364836
1.426971611027908
-1.767438017790572
-2.093167234943321
-1.594950287469097
1.550914462328793
3.489497862201112
0.1049177942086899
-0.8620005323794057
-1.036838739057816
-1.40953724888801
-0.927657470926859
-2.285588709059657
9.135407900390313E-2
1.386721580935799
2.358769367879435
0.3094612600203693
-0.9919602380160163
-1.475507007503317
0.2331038105057377
0.6173414200235038
2.246132262845423
1.643958439459459
-0.532171807770063
-2.707846992977501
-1.06961335097931
2.074524622117379
1.092864601209566
-7.524184242805843E-2
-0.200299685674573
0.1081365025957683
1.489119758244475
1.081772237497269
C
C     SIMULATED AR(4) TIME SERIES (LOWER PLOT OF FIGURE 45)
C     SOURCE: APPLIED PHYSICS LABORATORY (DON PERCIVAL)
C     DELTA T: 1
C     SAMPLE SIZE: 1024
C
-41.461235
-28.159039
2.5902977
34.584435
50.221138
40.735588
8.58525
-31.276932
-59.135273
-60.68801
-33.799763
10.264538
49.92651
65.011215
47.90284
7.2169766
-36.405144
-59.76346
-50.53176
-13.955139
28.871962
54.370995
50.5273
22.02402
-14.396032
-40.946465
-44.290325
-25.033207
3.3495843
25.047705
31.806166
25.39833
11.916734
-2.7726126
-14.39522
-21.095484
-21.282593
-14.69849
-3.8348746
8.368739
16.816616
17.994923
11.721197
-0.3264284
-13.448496
-20.950054
-16.037777
-0.3230597
18.087236
27.888525
22.24638
3.6348643
-16.015463
-24.865238
-16.498152
3.4601092
20.956219
24.972324
13.113896
-4.1922708
-13.943526
-10.995645
0.6450442
10.97207
12.100036
3.7675145
-5.685991
-7.390485
0.25733632
9.718021
10.44514
1.6971262
-9.496649
-16.11132
-12.530828
0.71975416
16.409676
22.995937
13.985543
-4.96041
-21.479292
-26.30086
-16.250036
3.1651943
20.317984
25.748156
17.724619
0.41088974
-16.498756
-25.260866
-22.066057
-8.460947
9.387791
25.308872
33.412537
28.058493
8.471025
-18.84122
-41.680275
-47.63706
-29.874252
5.504405
41.03486
58.792854
47.464165
10.419853
-33.366013
-61.930218
-58.78773
-24.775959
21.676008
54.955227
57.393024
29.397306
-11.227726
-41.99718
-47.67176
-28.46036
4.083643
30.503456
36.39116
20.09366
-7.7558417
-29.636131
-32.36695
-15.536088
9.604058
28.63583
30.462465
14.401677
-8.31966
-23.322582
-20.143332
-3.2290323
14.194936
19.752457
12.66615
2.3620787
-1.8976066
0.9982482
4.4868045
1.6978384
-6.35166
-13.8764305
-14.370552
-5.772375
9.260565
21.965069
21.90946
7.388989
-15.017604
-32.96273
-34.324852
-15.072889
15.906135
41.054108
44.900402
23.818476
-9.590019
-35.533764
-40.32131
-24.745113
-0.5224199
18.632906
23.670383
15.551455
4.2718973
-1.7253747
-1.179429
0.8958032
0.4168465
-5.346755
-12.88617
-15.425676
-9.115409
3.6483335
14.635135
14.524587
3.7864366
-7.6489367
-10.744684
-5.3550715
2.579059
7.776786
6.7831616
0.64107656
-7.602022
-11.749143
-6.810172
5.5743227
16.742014
17.87137
6.4149375
-12.177473
-25.80839
-25.393782
-8.950111
14.343971
30.033129
29.631594
13.684216
-8.015286
-24.238129
-26.9853
-15.975739
1.9610032
16.525848
20.099346
13.078042
1.069541
-7.9818172
-11.163527
-10.865712
-9.291611
-7.110765
-1.3721111
8.718294
19.507202
23.934742
15.49859
-6.3103933
-30.38981
-41.752136
-29.653894
1.8693817
35.148228
49.09488
33.992577
-0.7820052
-35.00282
-47.524826
-31.705524
1.7508585
33.451035
44.315704
28.925888
-2.6437798
-29.434982
-33.88138
-15.733368
10.781885
26.246422
21.180532
1.7339766
-16.230711
-19.984795
-9.709598
3.8158925
9.530277
2.9212427
-8.662416
-13.76534
-5.939713
10.200792
21.778797
16.460577
-6.300394
-29.481358
-33.343155
-10.539869
24.635548
45.98911
35.363354
-1.8836968
-39.537304
-51.549522
-29.32209
10.432031
39.014484
38.992966
13.243189
-19.24576
-34.9393
-23.28672
3.8008132
23.923193
22.217676
2.2231512
-18.7528
-23.5334
-6.8752804
19.759169
34.17662
21.342564
-12.795728
-44.66056
-50.208473
-21.373703
25.194334
61.11029
61.897152
25.02256
-27.428467
-62.124218
-57.80118
-19.36556
26.595013
50.236877
40.459988
7.5496197
-22.612461
-30.104666
-14.278313
7.7950053
15.91588
3.7623403
-16.250448
-26.378204
-16.835573
8.036776
30.562143
34.35702
15.448651
-12.805811
-32.47475
-30.69014
-9.064087
17.988873
33.440273
28.376535
6.086392
-19.5731
-32.031906
-23.448437
-0.4801428
22.25375
32.928978
25.956945
4.757822
-17.062012
-26.703363
-20.047817
-4.354477
9.319701
14.666899
11.361408
4.3867273
-0.72832024
-1.1440688
0.096101165
-1.5396806
-6.6015534
-11.132704
-8.908474
3.242322
21.870829
35.304188
30.681343
3.0559397
-35.82573
-62.08544
-54.17864
-10.794539
45.33246
79.675476
69.05519
17.211456
-47.550186
-86.24032
-75.283035
-23.072382
37.82027
72.80472
67.30321
31.743423
-11.217604
-42.472702
-51.351215
-39.66307
-15.054745
12.637165
34.469894
45.01161
40.885384
20.972954
-9.038021
-36.606636
-50.065548
-40.57646
-8.791559
32.253937
61.348736
61.130035
27.704008
-22.61173
-63.427986
-72.84994
-44.55321
7.323335
55.1034
73.12708
52.223354
4.285201
-43.65207
-66.7345
-54.032074
-14.981431
28.769203
56.6497
56.526394
30.518873
-8.659804
-42.58619
-54.66807
-39.595367
-7.9588776
24.159351
41.87043
39.39097
21.447397
-1.7525803
-19.650402
-25.782457
-19.597055
-7.1123495
6.0648594
15.283846
18.278862
15.013155
7.4474096
-2.6945975
-13.1093025
-20.615934
-19.942394
-9.916342
6.7845297
23.399673
32.190804
27.625051
9.477828
-15.5589285
-35.37086
-37.49121
-16.886187
16.306067
41.316113
42.54584
18.477337
-16.141762
-41.35665
-43.662174
-24.895153
2.0510526
23.164665
31.967352
29.377296
18.97062
6.0490074
-8.348945
-21.951694
-28.40328
-22.810045
-4.757855
17.310858
31.530243
28.403175
8.4757
-14.080858
-24.145092
-17.22818
-1.3039894
11.5613785
12.968822
6.346698
-1.3219529
-5.0925026
-4.420428
-0.22248626
5.9569025
11.865085
14.126859
9.785011
-0.04778701
-10.111845
-13.926256
-9.562854
-0.20153773
9.645484
15.25309
13.700281
4.511157
-7.3588448
-14.461109
-11.723076
-1.1171577
9.408699
11.545761
5.4617224
-2.2545662
-5.3416696
-1.873801
4.72595
8.140751
6.0856833
-0.010602925
-5.3289466
-4.8461313
0.63586223
7.117055
8.6159935
2.7064328
-7.1540837
-13.389953
-9.831162
2.502646
17.15447
23.134928
14.673821
-6.842539
-29.909164
-40.092735
-28.051403
1.7350042
31.71979
43.91689
28.17063
-7.5324817
-41.905678
-53.180622
-31.688065
11.144976
48.284184
57.158863
33.56774
-7.7573066
-44.79924
-59.027885
-43.79088
-7.091835
31.216322
51.81232
45.996166
18.986565
-14.4249935
-37.56718
-40.406395
-23.83878
0.37020552
18.549088
25.955301
23.502872
15.371155
3.8590562
-10.989332
-27.718231
-36.1858
-28.911184
-5.2324424
24.05219
41.385254
33.330555
3.856583
-30.088161
-46.515156
-31.687124
7.112663
45.9256
58.681797
36.05614
-8.995938
-51.01168
-63.24865
-36.892456
11.364058
51.45464
58.559887
30.265352
-13.116356
-43.95294
-44.10679
-16.75543
18.107506
38.903496
35.198116
13.203288
-11.056892
-23.215183
-18.566439
-4.2787437
7.803197
9.844744
2.3362467
-6.281348
-7.55733
0.29252702
10.782332
15.079638
10.769831
0.43119785
-8.449425
-11.546612
-7.4913335
1.79777
11.15039
14.2248335
8.034628
-5.1330585
-17.503527
-21.142782
-12.885771
4.340323
21.96612
28.60479
16.459156
-7.716136
-28.851223
-32.61982
-14.973235
14.120409
35.17568
33.767277
10.834937
-17.16586
-31.587383
-23.68076
0.20037341
23.30416
29.299788
14.22465
-10.782109
-28.260406
-26.197897
-7.1951094
13.184204
21.884039
15.049659
-0.64423454
-14.960868
-20.04184
-13.369144
-0.29940522
11.7229595
15.421183
11.577387
4.992675
0.19760993
-4.1172338
-9.758944
-16.012957
-16.600222
-6.294271
12.984042
32.289024
40.1573
28.054111
-1.5055246
-35.178196
-53.48634
-42.227657
-3.8551893
42.296444
69.04778
58.892426
15.560412
-38.014267
-71.314575
-65.27221
-22.690691
32.49072
67.30769
60.335663
16.975208
-32.225708
-54.877274
-39.25995
-1.3944438
30.818462
37.26456
19.10991
-5.0230026
-17.31267
-12.613522
1.0516021
9.732152
5.2022314
-8.502303
-16.620611
-9.906899
7.740124
22.515951
21.397718
1.907145
-23.311441
-34.693127
-22.355183
7.3979435
35.987022
42.937073
22.38138
-14.223357
-46.177288
-52.37703
-28.417942
12.830078
47.79121
56.12274
34.31072
-4.8059907
-38.611164
-50.097973
-35.448814
-6.549553
18.996784
30.89691
27.471533
13.855581
-1.2439831
-11.795248
-16.50408
-16.777308
-12.96166
-4.218363
8.1916685
18.017887
19.731598
10.425647
-6.8204703
-23.626532
-30.090591
-20.942112
0.41399977
24.050592
37.770416
33.64448
11.175551
-19.673994
-43.495438
-46.972416
-28.008022
2.759178
29.723177
40.757416
31.828878
9.472774
-14.20798
-30.760452
-34.00762
-24.220713
-5.3170037
16.311878
33.107594
37.209976
26.086283
3.2043233
-22.6633
-39.787315
-36.79411
-12.270179
22.40377
47.199265
46.36378
19.942522
-17.718243
-44.33884
-45.788048
-21.959923
13.2881
37.884197
38.26142
17.218945
-8.781875
-24.433702
-24.269506
-11.774886
3.4989579
11.062149
6.989755
-3.3159652
-9.911007
-5.9561486
5.4245973
14.897327
13.794471
1.9918556
-12.360488
-17.514511
-9.985837
4.9951744
17.696007
19.188053
8.83494
-4.606941
-12.233579
-11.797554
-5.748431
0.74258125
5.307013
8.1409235
8.688247
5.930029
0.8132747
-4.5720024
-7.284756
-7.0538692
-4.5481386
-0.3442448
5.0235586
8.908919
6.8492002
-3.3427668
-15.501396
-19.35175
-9.561045
10.773634
28.02311
28.61641
9.805007
-18.087103
-38.543243
-36.276142
-10.671575
22.503204
41.350277
32.338394
1.0576553
-31.999025
-45.449673
-29.74453
5.9739594
39.16398
47.26519
23.595646
-17.189486
-47.36831
-46.67746
-16.571613
22.801498
45.448593
39.36623
13.485542
-12.25136
-21.46859
-12.742094
0.608852
2.6366777
-9.619221
-24.119352
-21.915625
4.2083044
39.94775
58.975975
40.63017
-11.839708
-67.269615
-88.61527
-58.50491
7.05261
70.52269
95.98838
70.08857
8.340234
-53.181778
-81.78927
-65.33317
-18.337006
30.811932
55.654316
47.588715
18.451778
-12.58433
-30.114824
-30.407314
-19.320122
-5.902038
4.7409725
12.807055
19.250738
20.92791
13.701821
-3.1539712
-22.579315
-32.90551
-23.420416
2.785747
30.965136
42.61728
27.266527
-7.4746346
-39.9596
-48.793293
-28.760765
9.718923
43.23199
49.730072
26.837189
-9.522244
-35.786488
-36.333065
-14.1203985
12.547031
25.900318
18.779829
-2.0417614
-21.419533
-25.205938
-11.784272
9.082299
23.378008
21.310345
5.7484293
-10.379241
-15.53222
-8.839609
2.4080498
8.118145
4.60679
-2.6841502
-6.5382853
-5.3059483
-1.7687609
0.9891817
1.8522763
1.5078413
2.9091766
5.5676103
5.2944345
-1.6037611
-9.695883
-11.682761
-3.3225863
11.784307
22.954033
20.338268
2.7343097
-20.216812
-34.894825
-29.324064
-5.0991325
24.755732
42.42772
35.80054
6.7993474
-26.925888
-44.61197
-34.634037
-2.762344
31.305561
46.629803
33.8412
1.6780076
-29.959007
-41.5774
-27.371098
2.4205446
28.884846
37.06467
22.516653
-5.9576945
-30.338562
-35.737453
-20.9515
3.6240587
23.687145
28.685799
17.816744
-1.5330722
-17.676634
-21.549139
-12.138067
3.963091
16.33541
16.899193
7.1550226
-5.745438
-13.082829
-10.45856
-2.5221915
5.266602
6.7086782
-0.30678403
-9.7567
-13.539174
-7.749904
3.603398
15.714295
21.173662
13.815037
-2.2912183
-17.1905
-23.588644
-18.097038
-1.6847532
16.551254
25.629913
19.272444
0.7866209
-18.876455
-27.65028
-20.138329
-0.5079931
19.696888
27.925732
19.04283
0.77511024
-15.956814
-23.211557
-16.803741
-1.4471182
14.55022
21.473055
16.894945
5.392606
-6.0781226
-13.65553
-15.9830475
-16.441605
-13.021093
-3.6245587
9.597276
22.085588
26.145044
17.767042
-1.4018457
-20.810337
-27.834152
-17.97815
0.5037422
14.137158
14.681675
4.6272554
-5.4820075
-6.4710383
1.8532828
11.5201845
C
C     OCEAN WAVE TIME SERIES (FIGURE 295)
C     SOURCE: APPLIED PHYSICS LABORATORY (ANDY JESSUP)
C     DELTA T: 0.25 SECONDS
C     SAMPLE SIZE: 1024
C
477
483
507
512
474
402
335
295
283
275
272
279
311
339
325
260
196
185
233
301
353
399
466
540
592
624
645
661
659
631
587
530
451
328
175
28
-64
-99
-103
-113
-157
-220
-290
-352
-370
-327
-224
-88
55
201
366
543
709
830
890
884
791
633
434
225
46
-74
-121
-115
-94
-95
-129
-183
-230
-237
-205
-149
-96
-40
36
137
261
401
560
730
887
983
991
927
836
759
696
613
477
279
43
-188
-356
-436
-431
-364
-260
-139
-9
119
237
357
480
597
682
701
648
531
393
264
141
15
-103
-193
-236
-239
-205
-127
-9
125
244
322
376
416
457
511
571
634
684
719
735
735
718
670
594
490
381
279
179
87
-1
-84
-172
-264
-322
-304
-217
-96
43
193
348
466
522
517
491
479
501
561
638
710
743
724
644
520
368
198
36
-101
-195
-248
-289
-322
-348
-345
-308
-229
-105
59
238
365
427
450
480
540
606
657
693
725
763
783
780
751
703
645
573
494
395
267
99
-78
-230
-321
-316
-224
-80
65
176
241
262
247
218
214
250
319
385
432
467
481
454
394
342
327
333
327
281
208
131
61
7
-14
-6
12
7
-35
-87
-97
-43
53
135
174
176
181
212
263
323
391
459
497
479
410
308
204
103
5
-87
-147
-125
6
211
436
636
813
963
1072
1115
1093
1007
871
710
553
412
272
117
-39
-176
-277
-337
-347
-306
-236
-165
-108
-67
-15
69
191
346
498
604
644
613
549
465
347
184
0
-159
-255
-286
-264
-196
-92
32
170
319
467
593
683
743
794
856
912
946
951
919
833
674
454
202
-43
-247
-387
-471
-507
-529
-567
-631
-728
-853
-964
-996
-918
-744
-520
-277
-26
222
444
624
751
813
809
749
642
494
307
103
-94
-268
-380
-412
-359
-274
-201
-165
-168
-179
-142
-5
240
560
905
1234
1491
1627
1639
1542
1374
1161
924
685
472
275
86
-94
-235
-312
-350
-383
-400
-366
-267
-136
-3
138
298
482
680
868
1021
1120
1143
1079
947
767
558
335
120
-52
-193
-295
-355
-353
-285
-180
-75
-8
24
52
107
203
334
469
563
598
572
512
444
380
309
222
115
-3
-113
-187
-218
-229
-258
-316
-388
-445
-483
-509
-516
-488
-404
-272
-108
63
217
333
409
455
473
458
398
304
204
133
104
105
133
174
214
248
278
304
324
345
357
372
399
459
563
692
808
872
869
801
677
511
313
123
-13
-40
58
248
453
592
633
595
513
430
366
328
308
293
281
278
283
283
279
287
322
378
420
428
393
360
325
263
174
91
58
88
141
169
169
159
152
139
105
60
26
32
84
141
177
191
211
265
340
405
425
394
318
238
197
210
251
285
280
195
14
-212
-380
-393
-255
-37
187
373
505
578
590
545
460
347
217
85
-19
-60
-40
-2
-17
-102
-207
-248
-187
-44
135
295
423
506
568
620
672
721
757
773
772
756
733
697
626
497
323
139
-31
-191
-377
-578
-738
-791
-716
-539
-308
-93
64
154
214
271
332
378
384
341
253
149
51
-21
-54
-52
-43
-76
-174
-295
-390
-441
-463
-451
-409
-327
-232
-118
28
209
403
553
624
618
550
431
280
135
26
-44
-85
-87
-29
77
197
290
352
401
452
507
563
593
592
555
491
415
346
297
276
245
180
78
-25
-89
-101
-67
4
94
210
333
432
473
465
419
360
306
286
333
421
501
525
497
435
365
303
261
230
201
166
105
24
-69
-155
-221
-268
-284
-263
-195
-85
55
207
349
470
559
623
654
652
628
575
504
416
327
263
224
169
69
-72
-195
-236
-181
-64
75
213
346
467
572
668
753
825
864
849
774
647
493
344
226
140
60
-43
-155
-243
-265
-206
-90
58
220
398
577
725
819
865
863
809
699
542
372
216
71
-63
-155
-171
-120
-45
9
24
4
-56
-140
-224
-269
-248
-159
-25
116
241
349
445
515
535
479
351
170
-17
-158
-222
-210
-140
-66
0
43
57
39
-10
-105
-234
-352
-399
-360
-280
-210
-171
-147
-106
-26
104
264
408
495
503
435
322
169
-9
-178
-282
-296
-246
-183
-153
-173
-215
-252
-270
-272
-244
-196
-133
-83
-53
-32
-2
65
179
299
388
415
372
264
120
-5
-70
-70
-19
60
170
304
449
587
725
869
1013
1131
1196
1200
1144
1020
849
675
517
389
307
291
348
443
534
600
645
689
727
737
715
674
632
582
508
415
344
333
392
477
527
513
428
306
181
69
-31
-115
-173
-172
-114
-3
118
216
272
272
230
157
79
15
-44
-120
-212
-291
-336
-336
-307
-257
-194
-121
-51
0
35
53
55
57
76
115
145
114
10
-124
-228
-272
-251
-165
-37
109
219
263
238
167
80
10
-24
-3
67
157
238
314
405
514
600
621
568
459
325
186
59
-58
-158
-236
-267
-244
-198
-154
-125
-75
1
105
232
376
520
637
709
733
719
675
597
500
399
296
164
-1
-162
-277
-320
-303
-247
-177
-116
-63
-20
19
79
163
275
398
511
589
628
628
604
557
491
401
289
181
131
181
312
457
533
495
351
155
-25
-138
-179
-165
-126
-78
-18
71
193
329
449
539
595
620
588
500
372
242
137
73
43
23
15
14
6
-25
-88
-167
-239
-279
-270
-210
-113
C
C     ROUGH ICE PROFILE SERIES (TOP PLOT OF FIGURE 304)
C     SOURCE: APPLIED PHYSICS LABORATORY (WARREN FOX)
C     DELTA T: 1.7712 METERS
C     SAMPLE SIZE: 1121
C
-24.6
-24.5
-26.8
-27.1
-27.1
-25.1
-27.7
-30.3
-29.7
-30.2
-29.3
-27.6
-24.4
-23.4
-23.8
-22.8
-22.1
-22.6
-22.9
-22.3
-19
-18.8
-18.7
-20
-19.8
-19.9
-19.9
-19.4
-17
-16.9
-16.7
-15.3
-16
-15.5
-15.6
-14.3
-14.2
-13.8
-14.8
-15.8
-15.8
-16.8
-19.2
-19.2
-20.3
-20.5
-20.8
-21.3
-21.4
-21.5
-21.6
-22.2
-21.6
-21.7
-21.5
-21.2
-20.3
-19.3
-20
-19.3
-19.1
-17.9
-17.6
-17
-16.6
-17.4
-20.2
-20.5
-22.5
-23
-23.8
-26.8
-26.5
-26.4
-26.5
-26
-25.5
-23.9
-19.7
-20.1
-21.9
-22
-21.4
-21.8
-22
-21.5
-22.6
-25.2
-25.2
-26.4
-27.3
-27.7
-27.4
-27.4
-27
-21.8
-22
-22.3
-22.1
-22.5
-22.9
-22.5
-22.6
-22.4
-22.2
-20.9
-20.9
-20.4
-18.3
-17
-16.1
-15.9
-15.8
-15.7
-15.8
-13.3
-13.8
-12
-12
-12.4
-12.9
-13.3
-12.6
-12.3
-12.2
-13.6
-13.1
-14.8
-15.3
-16.1
-16.4
-17.2
-17.4
-17.1
-17.9
-17.9
-18
-18.4
-18.8
-18.9
-18.8
-18.6
-18.6
-17.8
-17.5
-17.5
-16.8
-17.5
-17.7
-16.8
-17
-16.5
-15.4
-14.4
-15.3
-16.5
-17.8
-18.8
-20.2
-20.5
-21.7
-21.9
-22
-21.6
-21.1
-19.8
-18.7
-14.9
-14.2
-14
-13.5
-17.9
-18.1
-18.6
-18.5
-23.5
-24.2
-22.2
-23.1
-20.6
-19.6
-18.7
-17
-17.2
-20.4
-20.3
-23.7
-24.4
-24.8
-25.3
-25.8
-24
-25.3
-26.1
-26.6
-26.3
-25.7
-21.4
-22.7
-20.8
-19.2
-16.3
-13.6
-11
-9.4
-9.1
-9.3
-8.8
-9.2
-10.1
-10.1
-9.8
-10.1
-9.7
-9.7
-10.3
-11.7
-17.1
-16.3
-22.9
-25.3
-26.2
-25.8
-25.8
-25.9
-24.7
-23.5
-22.9
-21
-19.1
-16.9
-17.5
-23.8
-23.8
-23.7
-24.6
-25.2
-24.9
-25
-25.2
-24.8
-23.2
-22.1
-20.9
-19.6
-18.5
-16.3
-15.6
-14.8
-14.6
-13.9
-13.2
-12.1
-14.2
-18.2
-18.1
-18.7
-18.2
-18.4
-18.2
-18.2
-18
-17.9
-17.2
-10.5
-8.6
-9.1
-9.3
-9.2
-9.3
-10.7
-11.7
-11.5
-11.9
-12.7
-12.5
-12.9
-13.2
-13.3
-13.7
-14.2
-13.8
-13.9
-13.6
-13.2
-13.2
-13.2
-13.4
-15
-16.4
-17.8
-17.7
-19.4
-20
-19.1
-19.3
-18
-16.2
-12.2
-11.5
-9.3
-8.7
-8.2
-8.8
-10.5
-11.1
-17
-22.4
-16.1
-21.8
-24.2
-22.9
-25.2
-25.6
-24.8
-24
-26.1
-26.4
-25.8
-31.5
-32.4
-31.9
-32.6
-32.1
-33.9
-30.7
-29.7
-29.4
-25.3
-21.5
-21.3
-22.8
-22.3
-22
-23.9
-25.2
-25
-25.8
-25.9
-31
-32.1
-32.4
-32.3
-32.2
-26.4
-17.4
-17.1
-16.6
-16.8
-14.3
-14.1
-13.5
-13
-11.7
-11.6
-9.4
-9.8
-9.8
-9.7
-9.6
-9.6
-13.6
-14.9
-15.4
-16.3
-16.5
-15.9
-14.5
-16.5
-16.7
-16.7
-16.6
-16.8
-14.6
-16.1
-15.6
-16.9
-16.8
-17.2
-17.4
-16.5
-16.1
-15.1
-14.8
-15
-14.5
-14.3
-11.6
-10.1
-10.1
-10.1
-9.2
-9.4
-9.6
-9.3
-8.7
-9.2
-9.7
-9.9
-10.4
-13.5
-15.4
-16.8
-20.5
-24.2
-24.2
-24.2
-24.4
-22.3
-23.1
-22.7
-21.6
-22.3
-21.7
-20.6
-20.1
-17.3
-16.3
-21.5
-24.3
-24.5
-24.9
-23.9
-23.9
-23.8
-24
-24.2
-24.2
-23.7
-23.2
-18.7
-20.7
-22.8
-22.6
-22.5
-23.1
-21.8
-22.1
-18.7
-18.8
-17.9
-14.1
-13
-11.2
-13.5
-14.2
-13.8
-13.2
-15.1
-15.4
-15
-11.7
-13.6
-16.8
-26.9
-27.1
-32.5
-33.1
-35.1
-34.9
-34.4
-38.4
-37.7
-37.4
-32.8
-22.7
-21.5
-21.6
-21
-21
-21.2
-19.9
-20.4
-19.6
-15.8
-17.1
-17.4
-20.3
-20.8
-23
-23.8
-25.4
-25
-25.2
-25.8
-24.2
-14.2
-14.7
-15.2
-14.5
-14
-14
-14.9
-15.4
-15.6
-15.3
-15.8
-15.8
-16
-14.8
-15.5
-21.9
-14.7
-16.6
-15.2
-14.6
-14.7
-21.2
-22.8
-23
-22.9
-23.1
-22.4
-24.2
-27.3
-27.4
-27.5
-26.7
-28.8
-26.3
-24.5
-27.8
-27.9
-27.5
-27.8
-26.9
-24.8
-22.7
-23.9
-23.2
-23.5
-23.9
-28.9
-29.2
-28.8
-29.2
-29.7
-25.4
-25.4
-26
-25.2
-25.3
-23.2
-22.1
-20.9
-21.5
-23.7
-24.4
-26.7
-31.6
-32.1
-33.2
-37.2
-38.2
-46
-48.8
-49.2
-49.6
-49.2
-48.7
-46.5
-47.3
-49.4
-48.9
-47.9
-48.2
-44.7
-41.2
-42.2
-42.3
-32.1
-30
-31.1
-31.9
-36.6
-35.8
-37.4
-36.2
-42.4
-42.4
-43.2
-42.5
-32.1
-28.3
-24.4
-23.9
-22.6
-21.2
-20.4
-14.3
-13.5
-15.3
-15.4
-15.5
-15.1
-15.2
-14.8
-15.2
-15.9
-16.8
-17.5
-21.8
-24.6
-29
-29.2
-29.5
-29.6
-28.4
-19.4
-20.4
-14.5
-12.4
-10.2
-11.8
-12
-14.3
-14.9
-15.4
-15
-15.1
-15.6
-14.8
-19.7
-20.2
-19.8
-24.8
-26.4
-27
-29.6
-29.9
-28.6
-27.2
-25.8
-24.7
-22.8
-10.9
-11.7
-9.6
-11.7
-13.2
-13.6
-19.4
-21.4
-23.3
-20.5
-21.5
-20.1
-15.9
-20.4
-25.2
-25.8
-26.1
-25.1
-24
-22.3
-21.3
-20.8
-21
-21.3
-22.1
-22.2
-21.8
-21.9
-21.8
-17.6
-17.2
-17.2
-16.9
-11.1
-10.9
-11.1
-10.9
-10.3
-10.5
-11.5
-11.6
-10.7
-16.3
-16.5
-15.1
-15.8
-16.8
-15.6
-17.4
-17.6
-17.5
-17.3
-16.4
-13.3
-11
-11.2
-11.1
-11.6
-12
-11.2
-12.1
-10.2
-10.6
-10.7
-10.5
-13.3
-15.6
-17.2
-17.5
-17.8
-17.6
-17.5
-16.1
-10.9
-10.7
-10.6
-10.6
-10.6
-10.6
-10.6
-10.2
-9.9
-10.9
-11.2
-11.5
-11.7
-11.7
-11.6
-11.3
-10.9
-9.9
-12.4
-12.2
-13.2
-13.9
-14.1
-13.7
-14.1
-14.5
-13.9
-16.6
-19.5
-20.7
-21.5
-21.5
-19.7
-19.3
-18.3
-18.1
-18.3
-18.4
-18.4
-19.5
-19.4
-19.2
-19
-18.6
-15.9
-16.8
-16
-15.4
-18.5
-18.1
-20.5
-20.1
-18.3
-16.5
-16.5
-17.6
-17.5
-13.5
-20.1
-20.2
-15.2
-16.9
-20.4
-21.9
-21.7
-21.3
-20.9
-19.5
-18
-18.8
-21.3
-21.9
-20.6
-21.9
-21.7
-22.8
-25
-27.2
-26
-26.5
-26.6
-26.7
-29
-29.3
-27.6
-21.4
-19.7
-21.7
-23.7
-25.7
-25.9
-25.8
-23.6
-17
-17.1
-16.4
-16.2
-15.9
-12.3
-12.7
-12.7
-12.6
-11.7
-14.3
-18
-18.4
-19.4
-19.3
-18.8
-16.9
-15.7
-15.5
-15.7
-16.1
-21.9
-24
-24.8
-24.8
-28.6
-27.5
-26.9
-26.9
-25.3
-22.7
-21.8
-21.4
-21
-18
-17.5
-19.8
-19.8
-19.5
-20.4
-20.7
-21.1
-21.3
-21.7
-21.9
-22
-22.4
-22.2
-22.4
-22.5
-22.5
-22.3
-21
-19
-18.3
-19.6
-19.1
-20.2
-20.7
-20.8
-20.6
-20.7
-20.4
-20
-18.4
-18
-16.4
-17
-17.2
-16.5
-16.7
-17.1
-20.9
-23.7
-24.3
-24.3
-24.1
-24.3
-24.1
-23.5
-22.4
-18.8
-18.4
-18.3
-17.7
-17.6
-18.3
-17.9
-18.1
-18.9
-18.4
-18.4
-18.6
-18.7
-17.7
-18.1
-16
-14.3
-13.1
-12.8
-11.7
-13.4
-14
-13.4
-14.1
-14
-14
-18.6
-19.4
-21.5
-21.5
-29.9
-29.7
-30.5
-30
-30.7
-30.2
-30
-28.5
-28.3
-28
-25
-22.2
-23.5
-22.6
-23.2
-22.5
-23.1
-23
-23
-22.8
-22.8
-22.2
-21.6
-21.5
-20.7
-20.5
-19.4
-18.9
-21.1
-21.2
-21.2
-21.5
-22.1
-23.8
-24
-24.1
-24.3
-23.7
-22.9
-22.7
-22.6
-22.4
-22
-21.6
-22.8
-22.9
-24.4
-24.9
-26.6
-26.8
-26.4
-26.6
-26.3
-25.9
-24.6
-23.2
-20
-18.8
-18.6
-18.9
-18.9
-19.3
-18.8
-18.5
-19.2
-19.6
-19.8
-19.8
-18.6
-18.4
-17.9
-16.2
-16.6
-15.6
-15.1
-14.3
-12.7
-13.7
-14.3
-14.4
-13.6
-16
-19
-18.4
-19.3
-19.3
-19.6
-18.2
-13.9
-13
-12.8
-11.9
-12.2
-12.4
-10.3
-10.5
-14.7
-9
-9.8
-9.9
-9.5
-10
-10
-10.5
-9.9
-10.6
-11.4
-11.7
-11.4
-12.3
-12.7
-14.6
-17
-17.8
-17.8
-17.7
-17.9
-20.2
-20.2
-21.8
-21
-20.4
-19.1
-17.2
-15.3
-14.5
-13.8
-10.8
-11
-12.2
-13
-12.1
-9.8
-11.1
-11
-13.1
-13.7
-13.5
-14
-15.2
-15.9
-18
-18.8
-15.9
-9.9
-9.5
-9.7
-14.1
-17.8
-21
-20.3
-24.4
-28.5
-29
-31.5
-31.1
-30.3
-24.2
-26.3
-26.2
-27.4
-27.5
-24.7
-22.8
-27.4
-28.7
-27.8
-27.2
-24.7
-24.3
-23.8
-24.3
-23.9
-21
-20.3
-20
-19.8
-20
-20.7
-20.5
-20
-19.5
-18.4
-12.5
-11.8
-12.1
-18.3
-19.8
-21.9
-21.9
-22.2
-22.5
-21.9
-20.5
-20.2
-17.3
-16.8
-16.3
-17.7
-21.9
-23
-23.7
-22.9
-22.7
-22.4
-21.8
-23
-22.3
-22.5
C
C     SMOOTH ICE PROFILE SERIES (MIDDLE AND BOTTOM PLOTS OF FIGURE 304)
C     SOURCE: APPLIED PHYSICS LABORATORY (WARREN FOX)
C     DELTA T: 1.7712 METERS
C     SAMPLE SIZE: 288
C
-9.1
-9.1
-9.2
-9
-9
-8.8
-8.9
-8.9
-8.7
-8.5
-8.8
-8.7
-8.6
-8.6
-8.5
-8.4
-9.2
-9.2
-8.6
-9.4
-9.5
-9.3
-9.4
-9.3
-9.2
-9.5
-9.7
-9.1
-8.8
-8.8
-8.8
-8.8
-8.8
-9
-9
-8.6
-9.1
-9.1
-9
-10.2
-10.7
-10.8
-11.1
-10.6
-10
-9.4
-9.2
-8.7
-8.9
-8.9
-9.1
-8.3
-8.6
-8.9
-8.7
-8.5
-8.5
-8.5
-7.8
-8.8
-8.7
-8.5
-8.5
-8.5
-8.8
-8.7
-8.8
-8.7
-8.7
-8.7
-8.7
-8.7
-8.7
-8.8
-8.7
-8.3
-8.8
-8.7
-9.1
-9.8
-10.2
-10.6
-10.3
-10
-9
-8.6
-8.5
-8.8
-9.1
-8.9
-8.9
-9
-9.1
-8.6
-9.1
-9.2
-9.6
-9.5
-9.6
-9.6
-9.3
-9.2
-9.5
-9.4
-9.1
-8.9
-8.9
-9.5
-9.1
-9
-9.4
-9.5
-9.4
-9.2
-9
-9.4
-9.3
-9.1
-9
-9
-9.1
-9.3
-9.5
-8.9
-9
-9.2
-8.8
-8.3
-8.8
-8.9
-8.5
-8.8
-9.1
-8.9
-8.8
-9
-9.3
-8.7
-8.8
-8.6
-7.9
-8.7
-8.8
-8.6
-8.5
-9.4
-8.9
-9.2
-9
-9.1
-9.2
-9.1
-9.1
-9.3
-8.7
-8.7
-7.8
-8
-8.6
-8.2
-9.1
-9.1
-7.5
-8.5
-8.7
-9.2
-9
-8.6
-8.4
-8.1
-8.3
-8.2
-8.1
-8.5
-9.1
-9.3
-9.1
-9.4
-9
-9.4
-9.1
-8.6
-9
-9.7
-9.4
-9.5
-9.6
-9.2
-8.7
-8.8
-8.7
-8.9
-9
-9
-9
-8.6
-9.2
-8.5
-8.8
-9
-9
-9.3
-9.1
-8.9
-8.7
-9.1
-9.1
-9.1
-9
-8.7
-8.8
-8.9
-8.9
-9
-8.8
-8.8
-8.9
-9.3
-8.9
-8.7
-8.8
-8.9
-8.8
-9.3
-9.8
-10.4
-10.2
-9.8
-9.8
-9.7
-8.3
-8.7
-8.8
-8.9
-9.3
-9.1
-8.7
-8.4
-8.6
-8.7
-8.6
-9
-8.8
-8.5
-8.4
-8.4
-8.3
-8.8
-8.8
-8.7
-8.9
-8.9
-8.9
-8.4
-9
-8.7
-8.8
-8.7
-8.5
-8.4
-8.3
-8.7
-8.6
-8.5
-8.4
-8.3
-8.4
-8.6
-8.7
-8.7
-8.6
-8.6
-8.6
-8.5
-8.6
-8.3
-8.6
-8.6
-8.6
-8.5
-8.6
-8.7
-8.8
-8.7
-8.6
-8.6
-8.4
-8.9

